11111111111111111111111111111111111111111111111111111
11111111111111111111111111111101111111111111111111111 
11111111111111111111111110000000000001111111111111111
11111111111111000000000010000000100001111111111111111 
11111111111111000000000000000000100001111111111111111
11111111111111000000000010000000100001111111111111111 
11111111111111000111111110000000111111111111111111111
11000000000111000111111110000000111111111111111111111 
11000000000111000111111111111101111111111111111111111
11000000000100000001111111111000111111111111111111111 
11000000000000000001111111111000111111111111111111111
11000000000100000001111111111000111111111111111111111 
11000000000111111111111111111000111111111111111111111
11000000000111111111111111111000111111111111111111111 
11111101111111111111111111111000111111111111111111111
11111000111111111111111111100000001111111111111111111 
11111000111111111111111111111000111111111111111111111
11111000111111111111111111111000111111111111111111111 
11111000111111111111111111111000111111111111111111111
11111000111111111111111111111000111111111111111111111 
11111000111111111111111111111000111111111111111111111
11111000111111111111111111111101111111111111111111111 
11455404541111111111111111110000011111111111111111111
14S000000041111111111111110000L0000111111111111111111 
11400000000411111111111111000000000111111111111111111
14A0000000003B000000000B30000000000111111111111111111 
1140L0J00L000JJJJJJJJJ00000L00900L0010000001111111111
1140000000003B000000000B30000000000000000001111111111 
14A00000000411111111111111000000000010000001111111111
114000000004111111111111110000L0000111110001111111111 
14S00000004111111111111111110000011111100000111111111
11455404541111111111111111111101111111110001101111101 
11111000111111111111111111111000111111110001000000001
11111000111111111111111111111000111111110000000000001 
10003000111111111111111111111000111111110001000000001
10000000111111111111111111110000011111111111101111101 
10003000111111111111111111111000111111111111111111111
11111000111111111111111111111000111111111111111111111 
11111000002000000111111111111000111111111111111111111
11111000000000000001111111111101111111111111111111111 
11111000002000000111111111111000111111111111111111111
11111111111111111111111111111000111111111111111111111 
11111111111111111111111111111000111111111111111111111
11111111111111111111111111111000111111111111111111111 
11111111111111111111111111111000111111111111111111111
11111111111111111111111111111000111111111111111111111 
11111111111111111111111111111000111111111111111111111
11111111111111111111111111111000111111111111111111111 
11111111111111111111111111111101111111111111111111111
11111111111111111111111111110000011111111111111111111 
11111111111111111111111111110000011111111111111111111
11111111111111111111111111110000011111111111111111111
11111111111111111111111111111111111111111111111111111
